10 9.602e-06
11 5.904e-06
12 6.066e-06
13 6.911e-06
14 7.265e-06
15 8.678e-06
16 1.045e-05
17 1.1808e-05
18 1.1225e-05
19 1.1804e-05
20 1.1334e-05
21 1.1601e-05
22 1.3134e-05
23 1.526e-05
24 1.4178e-05
25 1.3362e-05
26 1.4439e-05
27 1.1155e-05
28 1.2519e-05
29 1.2252e-05
30 1.2856e-05
31 1.2404e-05
32 1.3682e-05
33 1.4009e-05
34 1.4245e-05
35 1.2834e-05
36 1.4091e-05
37 1.5081e-05
38 1.5673e-05
39 2.6411e-05
40 1.7876e-05
41 1.939e-05
42 1.9332e-05
43 1.9318e-05
44 1.9116e-05
45 1.7638e-05
46 1.9103e-05
47 1.9812e-05
48 1.9385e-05
49 1.8799e-05
50 1.7871e-05
51 2.1483e-05
52 1.9953e-05
53 2.2373e-05
54 2.2349e-05
55 3.2848e-05
56 2.3729e-05
57 2.1693e-05
58 2.0919e-05
59 2.2966e-05
60 2.1116e-05
61 2.44e-05
62 2.4042e-05
63 2.3201e-05
64 2.6091e-05
65 2.4883e-05
66 2.8345e-05
67 2.7748e-05
68 2.7952e-05
69 2.9674e-05
70 2.8248e-05
71 2.7886e-05
72 2.9724e-05
73 2.8829e-05
74 2.3557e-05
75 2.5923e-05
76 2.4609e-05
77 2.6414e-05
78 2.9022e-05
79 2.786e-05
80 2.7767e-05
81 2.6184e-05
82 2.8386e-05
83 3.6661e-05
84 2.742e-05
85 3.7577e-05
86 2.9073e-05
87 2.7529e-05
88 2.8673e-05
89 2.6048e-05
90 3.0584e-05
91 2.7998e-05
92 3.2989e-05
93 3.1245e-05
94 2.9321e-05
95 4.0998e-05
96 3.2717e-05
97 3.4003e-05
98 3.4295e-05
99 3.4357e-05
100 3.5192e-05
101 3.5052e-05
102 3.6089e-05
103 3.1639e-05
104 3.8378e-05
105 3.6415e-05
106 3.633e-05
107 4.0806e-05
108 3.4579e-05
109 3.5353e-05
110 3.4159e-05
111 4.6328e-05
112 3.5137e-05
113 3.8456e-05
114 3.7943e-05
115 3.6304e-05
116 3.4885e-05
117 4.6065e-05
118 3.5574e-05
119 3.6286e-05
120 3.6234e-05
121 3.6919e-05
122 3.8857e-05
123 4.1809e-05
124 4.1717e-05
125 5.1101e-05
126 3.9674e-05
127 4.083e-05
128 3.9845e-05
129 3.8414e-05
130 4.1805e-05
131 3.9519e-05
132 4.0007e-05
133 4.3359e-05
134 3.7103e-05
135 4.0174e-05
136 4.1577e-05
137 4.0628e-05
138 6.2963e-05
139 5.5142e-05
140 5.6297e-05
141 4.5026e-05
142 4.1084e-05
143 4.5436e-05
144 4.4197e-05
145 4.5365e-05
146 5.3532e-05
147 4.739e-05
148 5.249e-05
149 4.6601e-05
150 4.3908e-05
151 4.4773e-05
152 4.4698e-05
153 4.3366e-05
154 4.7924e-05
155 4.3991e-05
156 5.8414e-05
157 4.5995e-05
158 5.7414e-05
159 4.7703e-05
160 4.7498e-05
161 4.8367e-05
162 4.4041e-05
163 5.0798e-05
164 5.5029e-05
165 5.3381e-05
166 5.3377e-05
167 5.8101e-05
168 4.54e-05
169 5.1319e-05
170 4.8619e-05
171 5.2101e-05
172 6.5911e-05
173 4.9417e-05
174 6.294e-05
175 5.9012e-05
176 5.024e-05
177 5.8828e-05
178 5.6041e-05
179 7.0474e-05
180 5.3632e-05
181 5.2389e-05
182 5.2161e-05
183 5.1371e-05
184 5.0022e-05
185 5.6372e-05
186 5.5302e-05
187 6.2445e-05
188 6.9832e-05
189 5.7314e-05
190 5.2294e-05
191 6.664e-05
192 5.2861e-05
193 6.4816e-05
194 5.2818e-05
195 5.6113e-05
196 6.0656e-05
197 5.8665e-05
198 6.1547e-05
199 5.2423e-05
200 6.0025e-05
201 6.3718e-05
202 5.9387e-05
203 6.8429e-05
204 6.7724e-05
205 6.8143e-05
206 6.0893e-05
207 6.0253e-05
208 5.9893e-05
209 6.1082e-05
210 5.7472e-05
211 6.0266e-05
212 6.1924e-05
213 5.6575e-05
214 7.0231e-05
215 6.4612e-05
216 5.7151e-05
217 6.6548e-05
218 5.8473e-05
219 5.9892e-05
220 6.7931e-05
221 6.4798e-05
222 6.2739e-05
223 6.19e-05
224 6.0879e-05
225 7.484e-05
226 7.1287e-05
227 6.8085e-05
228 7.0432e-05
229 6.8783e-05
230 6.5638e-05
231 6.7992e-05
232 6.3332e-05
233 6.0385e-05
234 6.3567e-05
235 6.9693e-05
236 6.4307e-05
237 7.1637e-05
238 6.4333e-05
239 8.758e-05
240 6.4752e-05
241 6.253e-05
242 7.1103e-05
243 9.0728e-05
244 7.2791e-05
245 7.0667e-05
246 8.4744e-05
247 6.9536e-05
248 7.0487e-05
249 7.3357e-05
250 6.6283e-05
251 6.8895e-05
252 7.5144e-05
253 7.8905e-05
254 7.7383e-05
255 7.3117e-05
256 7.015e-05
257 7.6387e-05
258 7.3451e-05
259 7.0745e-05
260 7.8197e-05
261 6.7858e-05
262 7.1745e-05
263 7.4782e-05
264 7.194e-05
265 7.4869e-05
266 7.4505e-05
267 6.9868e-05
268 8.0054e-05
269 8.1405e-05
270 7.9966e-05
271 8.2337e-05
272 7.3992e-05
273 8.7331e-05
274 7.4528e-05
275 8.3964e-05
276 7.4121e-05
277 8.273e-05
278 7.9004e-05
279 7.6853e-05
280 7.5135e-05
281 8.0513e-05
282 7.9675e-05
283 7.4724e-05
284 7.5468e-05
285 8.7502e-05
286 9.2455e-05
287 7.6655e-05
288 8.474e-05
289 8.6703e-05
290 9.0062e-05
291 7.4526e-05
292 8.6056e-05
293 7.6775e-05
294 8.689e-05
295 8.6693e-05
296 7.8327e-05
297 8.7135e-05
298 8.7491e-05
299 8.1868e-05
300 7.4882e-05
301 9.7223e-05
302 9.6918e-05
303 8.7193e-05
304 9.7063e-05
305 9.2456e-05
306 8.3323e-05
307 8.9203e-05
308 8.6623e-05
309 7.8032e-05
310 7.3152e-05
311 9.6989e-05
312 8.1002e-05
313 8.2143e-05
314 9.72e-05
315 9.8415e-05
316 8.4861e-05
317 9.5576e-05
318 8.8181e-05
319 9.1664e-05
320 9.164e-05
321 8.2185e-05
322 8.9863e-05
323 8.4542e-05
324 8.9715e-05
325 8.6353e-05
326 9.6797e-05
327 0.000100543
328 0.000102901
329 0.000100252
330 9.2757e-05
331 9.5978e-05
332 9.1316e-05
333 9.4898e-05
334 0.00010532
335 9.4988e-05
336 9.1574e-05
337 0.00010069
338 9.4618e-05
339 9.5052e-05
340 8.824e-05
341 9.1455e-05
342 8.6447e-05
343 9.5266e-05
344 9.3318e-05
345 9.1746e-05
346 9.703e-05
347 9.6899e-05
348 0.000112911
349 9.3975e-05
350 0.000102421
351 0.000118555
352 8.8268e-05
353 9.7514e-05
354 9.0944e-05
355 0.000100385
356 9.8484e-05
357 8.6161e-05
358 9.6669e-05
359 9.8074e-05
360 0.000100841
361 9.8356e-05
362 9.0514e-05
363 9.4167e-05
364 9.6036e-05
365 0.000109522
366 0.000100002
367 0.000107861
368 9.5541e-05
369 0.000115364
370 0.000113466
371 0.000105048
372 0.000101848
373 0.000108058
374 0.000102919
375 9.975e-05
376 0.000102231
377 0.000104419
378 0.000103865
379 0.000105998
380 0.000110429
381 9.9225e-05
382 0.000102616
383 0.000106955
384 0.000120353
385 0.000100379
386 9.8813e-05
387 0.000103433
388 0.00010662
389 9.9418e-05
390 0.000105116
391 0.00012639
392 0.000106186
393 0.000112449
394 0.00010303
395 9.8853e-05
396 0.000101726
397 0.000114636
398 0.000110763
399 0.000109724
400 0.000113847
401 0.000110526
402 0.000101828
403 0.000105373
404 0.000115716
405 0.000111013
406 0.000109724
407 0.000109766
408 0.0001199
409 0.000115005
410 0.000103242
411 9.8906e-05
412 0.000105426
413 0.000125191
414 0.000110282
415 0.000107225
416 0.000125169
417 0.000107907
418 0.000118675
419 0.000121409
420 0.000116961
421 0.000111591
422 0.000149095
423 0.000115657
424 0.000107785
425 0.00011895
426 0.000119393
427 0.000118022
428 0.000118596
429 0.000116683
430 0.000123714
431 0.000127591
432 0.000123747
433 0.000114251
434 0.00013123
435 0.000118604
436 0.000142674
437 0.000118535
438 0.000118886
439 0.000111669
440 0.000113802
441 0.0001236
442 0.000132794
443 0.000112352
444 0.000121392
445 0.00011288
446 0.000127438
447 0.000117718
448 0.000123729
449 0.000116209
450 0.000152282
451 0.000120257
452 0.00012706
453 0.000130047
454 0.000132528
455 0.0001177
456 0.000135957
457 0.000127173
458 0.000133867
459 0.000123975
460 0.000140492
461 0.000142097
462 0.000126061
463 0.000131503
464 0.00012742
465 0.000137158
466 0.00014159
467 0.00013967
468 0.000133258
469 0.000134418
470 0.000125075
471 0.000130986
472 0.000125144
473 0.00012534
474 0.00012622
475 0.000131949
476 0.000131694
477 0.000133969
478 0.000137376
479 0.000117658
480 0.000131344
481 0.000143414
482 0.000127637
483 0.000132382
484 0.00012202
485 0.000143408
486 0.000124174
487 0.000131901
488 0.000151815
489 0.000140247
490 0.000138273
491 0.00012926
492 0.000123684
493 0.000132486
494 0.000135951
495 0.000139293
496 0.000143914
497 0.000136773
498 0.000128426
499 0.000153455
500 0.000137809
501 0.000136354
502 0.000141592
503 0.000130924
504 0.000141013
505 0.000138064
506 0.000140966
507 0.00015609
508 0.000138262
509 0.000139654
510 0.000142612
511 0.000142277
512 0.000139876
513 0.000137217
514 0.000131711
515 0.000162453
516 0.000127492
517 0.000139533
518 0.000136174
519 0.00014047
520 0.000148574
521 0.000147436
522 0.000160507
523 0.000156004
524 0.000154903
525 0.000150966
526 0.000157057
527 0.000146914
528 0.000150866
529 0.000147054
530 0.000159514
531 0.000140629
532 0.000153427
533 0.000133605
534 0.000171852
535 0.000144097
536 0.000163626
537 0.000159934
538 0.000152215
539 0.000149524
540 0.000144444
541 0.000152229
542 0.000150479
543 0.000139659
544 0.000160537
545 0.000156464
546 0.000140516
547 0.000133785
548 0.000124435
549 0.000154311
550 0.000156212
551 0.000149662
552 0.000156999
553 0.000131888
554 0.000158131
555 0.000152261
556 0.000147084
557 0.000155074
558 0.000166656
559 0.000153157
560 0.000134204
561 0.00016693
562 0.000175585
563 0.000153633
564 0.000169102
565 0.000188491
566 0.000147366
567 0.000160882
568 0.000161811
569 0.000159752
570 0.00014105
571 0.000182478
572 0.00014921
573 0.000156636
574 0.000165773
575 0.000165959
576 0.000133526
577 0.000160758
578 0.000157573
579 0.000163482
580 0.00016953
581 0.000159845
582 0.00016168
583 0.000184982
584 0.000160982
585 0.000173253
586 0.000160228
587 0.000159405
588 0.00018561
589 0.000162367
590 0.000172099
591 0.000181668
592 0.000190655
593 0.000168528
594 0.000193482
595 0.00017618
596 0.000165189
597 0.000179291
598 0.000160084
599 0.000167397
600 0.000160831
601 0.000184049
602 0.000211922
603 0.00015842
604 0.000160026
605 0.000175702
606 0.000183093
607 0.000157584
608 0.000173463
609 0.00016731
610 0.000180416
611 0.000187586
612 0.000193513
613 0.000196746
614 0.0001873
615 0.000179063
616 0.000181425
617 0.000169296
618 0.000169592
619 0.000173827
620 0.000190146
621 0.000193225
622 0.000183037
623 0.000191344
624 0.000173718
625 0.000206174
626 0.000190323
627 0.000178064
628 0.000173427
629 0.000202853
630 0.000191694
631 0.000203309
632 0.000192597
633 0.000179826
634 0.00018366
635 0.000207821
636 0.00017895
637 0.000194693
638 0.000174642
639 0.000193631
640 0.000191455
641 0.000187688
642 0.000184921
643 0.000188669
644 0.000206711
645 0.000181647
646 0.000191132
647 0.000210772
648 0.0002117
649 0.000189106
650 0.000193197
651 0.000212108
652 0.000199102
653 0.000197933
654 0.000213227
655 0.000188144
656 0.000187603
657 0.000211268
658 0.000164976
659 0.00019321
660 0.000177353
661 0.000198385
662 0.000203842
663 0.000209351
664 0.000236026
665 0.000192999
666 0.000265967
667 0.000194817
668 0.000201453
669 0.000169859
670 0.00021439
671 0.000188889
672 0.000202947
673 0.000237994
674 0.000202618
675 0.000212686
676 0.000166975
677 0.000193145
678 0.000212629
679 0.000180028
680 0.000205015
681 0.000230361
682 0.00020521
683 0.000215001
684 0.00018377
685 0.000217738
686 0.000190411
687 0.000206171
688 0.000195617
689 0.000201258
690 0.000211964
691 0.000219485
692 0.000220299
693 0.000230841
694 0.000221152
695 0.000237633
696 0.0002235
697 0.000231824
698 0.000222272
699 0.000242409
700 0.000211557
701 0.000219457
702 0.000233495
703 0.000197647
704 0.000209281
705 0.000211834
706 0.000237725
707 0.000225277
708 0.000233112
709 0.000239147
710 0.000236799
711 0.000228219
712 0.000208686
713 0.000197331
714 0.000225872
715 0.000229059
716 0.000218747
717 0.000221311
718 0.000229059
719 0.000218412
720 0.00022899
721 0.000227951
722 0.00021159
723 0.000206384
724 0.000209657
725 0.000222763
726 0.000216775
727 0.000213273
728 0.00022231
729 0.000247077
730 0.000205127
731 0.000237261
732 0.000236031
733 0.000292965
734 0.000245074
735 0.000213582
736 0.000207536
737 0.000276253
738 0.000232128
739 0.000232039
740 0.000242349
741 0.000229478
742 0.000251993
743 0.000240585
744 0.000239953
745 0.000229065
746 0.000232496
747 0.000251181
748 0.000259256
749 0.000231282
750 0.000242534
751 0.000243358
752 0.000247345
753 0.000245759
754 0.000225685
755 0.000259988
756 0.000236474
757 0.000241763
758 0.000236007
759 0.000251985
760 0.000214698
761 0.000271827
762 0.00027097
763 0.000295117
764 0.000250723
765 0.000252005
766 0.000247459
767 0.000282552
768 0.000265531
769 0.000224382
770 0.000239759
771 0.000253208
772 0.000279943
773 0.000246134
774 0.000264252
775 0.000280246
776 0.00024038
777 0.000245286
778 0.000243176
779 0.000245933
780 0.00026382
781 0.000237444
782 0.000270959
783 0.000245724
784 0.000268966
785 0.000261607
786 0.000251099
787 0.000261895
788 0.000252592
789 0.000286343
790 0.000260435
791 0.000279633
792 0.000296933
793 0.000272321
794 0.000277614
795 0.000264208
796 0.000271148
797 0.00024242
798 0.000284227
799 0.000222243
800 0.000252818
801 0.000281354
802 0.000282113
803 0.000286274
804 0.000275735
805 0.000271849
806 0.000278663
807 0.000300943
808 0.000287612
809 0.000286571
810 0.000282516
811 0.000290333
812 0.000284258
813 0.000284441
814 0.000264172
815 0.000255582
816 0.00027271
817 0.000279116
818 0.000264638
819 0.000309486
820 0.000355705
821 0.0003358
822 0.000342632
823 0.000318407
824 0.000309258
825 0.000330949
826 0.000254382
827 0.000299722
828 0.000327341
829 0.000317073
830 0.000301745
831 0.000341731
832 0.000283846
833 0.000324577
834 0.000295361
835 0.000322798
836 0.000324656
837 0.000288116
838 0.000313833
839 0.000346114
840 0.000242758
841 0.000263709
842 0.000289693
843 0.000257713
844 0.000282955
845 0.000282057
846 0.000293948
847 0.000288856
848 0.000333173
849 0.000262655
850 0.000292854
851 0.000289081
852 0.000303566
853 0.000296643
854 0.000327596
855 0.000303381
856 0.000254762
857 0.000328156
858 0.00029533
859 0.000267966
860 0.000301046
861 0.000304839
862 0.000291853
863 0.000273652
864 0.00033834
865 0.000366575
866 0.000321538
867 0.00033273
868 0.0003397
869 0.000311494
870 0.000327798
871 0.000314227
872 0.000303923
873 0.0002831
874 0.000300567
875 0.000301466
876 0.000310398
877 0.000295659
878 0.000349503
879 0.000273273
880 0.000331384
881 0.000337077
882 0.000353952
883 0.000329803
884 0.000320538
885 0.000323702
886 0.000307419
887 0.000322559
888 0.000347658
889 0.000283112
890 0.000327379
891 0.000294119
892 0.000288191
893 0.000317028
894 0.000325999
895 0.000285908
896 0.000342089
897 0.000275418
898 0.000335103
899 0.000337784
900 0.000340107
901 0.000365125
902 0.000299903
903 0.000352486
904 0.000320484
905 0.000340271
906 0.000304333
907 0.000330389
908 0.000291536
909 0.000319633
910 0.000286538
911 0.000312648
912 0.000313573
913 0.000326383
914 0.000326578
915 0.000325302
916 0.000349502
917 0.000304079
918 0.000309212
919 0.000352518
920 0.000336389
921 0.000323559
922 0.000321501
923 0.000358453
924 0.000324851
925 0.000370531
926 0.000323319
927 0.000353939
928 0.000319663
929 0.000330505
930 0.000285247
931 0.000367793
932 0.000280185
933 0.000338327
934 0.000327961
935 0.000328254
936 0.000291835
937 0.000358832
938 0.000357342
939 0.000368797
940 0.000346322
941 0.000330158
942 0.000349819
943 0.000338694
944 0.000335295
945 0.000329734
946 0.000366856
947 0.000378615
948 0.000446203
949 0.000330793
950 0.000359167
951 0.000352269
952 0.000379193
953 0.000426641
954 0.000308973
955 0.000370453
956 0.000340666
957 0.000345172
958 0.000378105
959 0.00037513
960 0.000354984
961 0.000344917
962 0.000353351
963 0.000348284
964 0.000374007
965 0.000333664
966 0.000380012
967 0.000368535
968 0.000355509
969 0.000357366
970 0.000313232
971 0.000412882
972 0.000333763
973 0.000371045
974 0.000403508
975 0.000328883
976 0.000368391
977 0.000337176
978 0.000332927
979 0.000373301
980 0.000359955
981 0.000330674
982 0.000369382
983 0.000355255
984 0.000400465
985 0.000390584
986 0.00040331
987 0.00037837
988 0.000358895
989 0.000409743
990 0.000407267
991 0.000339854
992 0.000352738
993 0.000405876
994 0.000369406
995 0.00039887
996 0.000367098
997 0.000354431
998 0.000334885
999 0.000392562
