1 2e-07
2 2e-07
3 2e-07
4 2e-07
5 3e-07
6 2e-07
7 3e-07
8 3e-07
9 3e-07
10 2e-07
11 2e-07
12 3e-07
13 2e-07
14 3e-07
15 3e-07
16 3e-07
17 3e-07
18 3e-07
19 5e-07
20 4e-07
21 3e-07
22 4e-07
23 4e-07
24 4e-07
25 4e-07
26 5e-07
27 4e-07
28 4e-07
29 6e-07
30 4e-07
31 5e-07
32 4e-07
33 4e-07
34 5e-07
35 4e-07
36 5e-07
37 5e-07
38 3e-07
39 4e-07
40 5e-07
41 4e-07
42 6e-07
43 5e-07
44 4e-07
45 5e-07
46 4e-07
47 6e-07
48 5e-07
49 5e-07
50 6e-07
51 6e-07
52 7e-07
53 7e-07
54 6e-07
55 6e-07
56 6e-07
57 6e-07
58 7e-07
59 6e-07
60 7e-07
61 6e-07
62 7e-07
63 6e-07
64 7e-07
65 7e-07
66 7e-07
67 7e-07
68 7e-07
69 8e-07
70 7e-07
71 8e-07
72 8e-07
73 7e-07
74 8e-07
75 8e-07
76 8e-07
77 8e-07
78 8e-07
79 8e-07
80 8e-07
81 1e-06
82 1e-06
83 9e-07
84 1e-06
85 1e-06
86 8e-07
87 1e-06
88 1e-06
89 9e-07
90 1.1e-06
91 1.1e-06
92 1e-06
93 9e-07
94 1.1e-06
95 1.1e-06
96 1.1e-06
97 1e-06
98 1e-06
99 1.1e-06
100 1.1e-06
101 1e-06
102 1e-06
103 1e-06
104 1.1e-06
105 1e-06
106 1e-06
107 1.2e-06
108 1.7e-06
109 1.1e-06
110 1.1e-06
111 1.1e-06
112 1.2e-06
113 1.1e-06
114 1.1e-06
115 9e-07
116 1e-06
117 1.3e-06
118 1.2e-06
119 1.2e-06
120 1.1e-06
121 1.2e-06
122 1.2e-06
123 1.2e-06
124 1.3e-06
125 1.2e-06
126 1.2e-06
127 1.1e-06
128 1.3e-06
129 1.3e-06
130 1.1e-06
131 1.3e-06
132 1.3e-06
133 1.3e-06
134 1.3e-06
135 1.6e-06
136 1.4e-06
137 1.4e-06
138 1.5e-06
139 1.3e-06
140 1.3e-06
141 1.3e-06
142 1.2e-06
143 1.4e-06
144 1.4e-06
145 1.3e-06
146 2.2e-06
147 1.3e-06
148 1.3e-06
149 1.3e-06
150 1.5e-06
151 1.4e-06
152 1.6e-06
153 1.3e-06
154 1.3e-06
155 1.3e-06
156 1.5e-06
157 1.4e-06
158 1.4e-06
159 1.4e-06
160 1.3e-06
161 1.5e-06
162 1.6e-06
163 1.5e-06
164 1.6e-06
165 1.8e-06
166 1.4e-06
167 1.5e-06
168 1.5e-06
169 1.5e-06
170 1.4e-06
171 1.6e-06
172 1.4e-06
173 1.5e-06
174 1.4e-06
175 1.6e-06
176 1.5e-06
177 2.1e-06
178 1.5e-06
179 1.6e-06
180 1.7e-06
181 1.5e-06
182 1.6e-06
183 1.6e-06
184 2.4e-06
185 1.7e-06
186 1.6e-06
187 1.6e-06
188 1.6e-06
189 1.7e-06
190 1.6e-06
191 1.9e-06
192 1.7e-06
193 1.8e-06
194 1.6e-06
195 1.6e-06
196 1.8e-06
197 1.8e-06
198 1.7e-06
199 1.7e-06
200 1.8e-06
201 1.8e-06
202 1.8e-06
203 1.8e-06
204 1.8e-06
205 1.8e-06
206 1.7e-06
207 1.8e-06
208 1.7e-06
209 1.7e-06
210 1.8e-06
211 1.9e-06
212 1.7e-06
213 1.8e-06
214 1.8e-06
215 1.7e-06
216 1.8e-06
217 1.9e-06
218 1.9e-06
219 1.9e-06
220 1.7e-06
221 1.8e-06
222 1.9e-06
223 1.9e-06
224 1.9e-06
225 1.9e-06
226 2e-06
227 2.7e-06
228 2e-06
229 1.9e-06
230 2.1e-06
231 1.9e-06
232 2e-06
233 1.8e-06
234 2.2e-06
235 1.8e-06
236 2e-06
237 2e-06
238 2.7e-06
239 2.1e-06
240 2.1e-06
241 2.2e-06
242 2.2e-06
243 2.1e-06
244 2e-06
245 1.9e-06
246 2.1e-06
247 2.2e-06
248 2.2e-06
249 2.2e-06
250 2.3e-06
251 2.2e-06
252 2.2e-06
253 2e-06
254 2.4e-06
255 2.2e-06
256 2.8e-06
257 2.1e-06
258 2.3e-06
259 2.2e-06
260 2.1e-06
261 2.1e-06
262 2.2e-06
263 2.1e-06
264 2.1e-06
265 2.3e-06
266 2.2e-06
267 2.4e-06
268 2.2e-06
269 2.3e-06
270 2.3e-06
271 2.2e-06
272 2.2e-06
273 2.2e-06
274 2.3e-06
275 2.3e-06
276 2.3e-06
277 2.3e-06
278 3.2e-06
279 2.3e-06
280 2.3e-06
281 2.4e-06
282 2.2e-06
283 2.4e-06
284 2.5e-06
285 2.3e-06
286 2.3e-06
287 3.1e-06
288 2.3e-06
289 2.4e-06
290 2.3e-06
291 2.3e-06
292 2.4e-06
293 2.6e-06
294 2.5e-06
295 2.4e-06
296 3.6e-06
297 2.5e-06
298 2.4e-06
299 2.5e-06
300 2.7e-06
301 2.5e-06
302 2.6e-06
303 2.4e-06
304 2.4e-06
305 2.6e-06
306 2.3e-06
307 2.5e-06
308 2.6e-06
309 3.4e-06
310 2.5e-06
311 2.5e-06
312 2.5e-06
313 4.5e-06
314 2.6e-06
315 3e-06
316 2.5e-06
317 2.8e-06
318 2.7e-06
319 3.1e-06
320 2.5e-06
321 2.7e-06
322 2.6e-06
323 2.7e-06
324 2.7e-06
325 2.6e-06
326 2.9e-06
327 2.9e-06
328 2.6e-06
329 2.7e-06
330 2.7e-06
331 2.9e-06
332 2.7e-06
333 2.7e-06
334 2.7e-06
335 2.7e-06
336 2.8e-06
337 6.3e-06
338 2.6e-06
339 3e-06
340 2.9e-06
341 3.6e-06
342 2.6e-06
343 2.8e-06
344 2.8e-06
345 2.8e-06
346 2.8e-06
347 2.6e-06
348 2.8e-06
349 2.8e-06
350 2.6e-06
351 2.9e-06
352 2.8e-06
353 3e-06
354 2.8e-06
355 3.1e-06
356 5.1e-06
357 3.1e-06
358 3.1e-06
359 3e-06
360 2.9e-06
361 3.1e-06
362 2.9e-06
363 3e-06
364 2.9e-06
365 2.9e-06
366 3.3e-06
367 3.1e-06
368 3e-06
369 2.9e-06
370 3e-06
371 3e-06
372 3e-06
373 3e-06
374 3.9e-06
375 3.1e-06
376 3.2e-06
377 3.1e-06
378 3.2e-06
379 3.3e-06
380 3.3e-06
381 3e-06
382 3.1e-06
383 2.9e-06
384 3.1e-06
385 3.2e-06
386 3.4e-06
387 3.3e-06
388 3.3e-06
389 3.1e-06
390 3e-06
391 3e-06
392 3.3e-06
393 3.1e-06
394 3.1e-06
395 3.3e-06
396 3.3e-06
397 3.1e-06
398 3.2e-06
399 3.1e-06
400 3.3e-06
401 4.9e-06
402 3.4e-06
403 3.3e-06
404 3.4e-06
405 3.3e-06
406 3.1e-06
407 3.4e-06
408 3.4e-06
409 3.4e-06
410 3.3e-06
411 3.3e-06
412 3.2e-06
413 3.3e-06
414 4e-06
415 3.3e-06
416 3.5e-06
417 4.2e-06
418 3.5e-06
419 3.3e-06
420 4e-06
421 3.4e-06
422 3.3e-06
423 3.4e-06
424 3.3e-06
425 3.6e-06
426 3.3e-06
427 3.5e-06
428 3.2e-06
429 3.6e-06
430 3.5e-06
431 3.5e-06
432 3.4e-06
433 3.5e-06
434 3.5e-06
435 3.5e-06
436 3.5e-06
437 3.4e-06
438 3.5e-06
439 3.5e-06
440 3.5e-06
441 3.6e-06
442 3.4e-06
443 3.6e-06
444 3.5e-06
445 3.7e-06
446 3.5e-06
447 3.6e-06
448 3.8e-06
449 3.8e-06
450 3.7e-06
451 3.5e-06
452 3.8e-06
453 3.7e-06
454 3.5e-06
455 3.6e-06
456 3.8e-06
457 3.5e-06
458 3.6e-06
459 4.4e-06
460 3.6e-06
461 3.6e-06
462 4.4e-06
463 3.7e-06
464 3.6e-06
465 3.6e-06
466 3.6e-06
467 3.8e-06
468 3.7e-06
469 3.6e-06
470 3.8e-06
471 3.7e-06
472 3.8e-06
473 3.6e-06
474 3.8e-06
475 3.8e-06
476 4.5e-06
477 3.9e-06
478 3.7e-06
479 3.7e-06
480 3.7e-06
481 3.8e-06
482 4e-06
483 4e-06
484 3.8e-06
485 3.9e-06
486 3.8e-06
487 4.8e-06
488 3.9e-06
489 3.9e-06
490 3.9e-06
491 3.8e-06
492 4e-06
493 3.8e-06
494 3.9e-06
495 4.9e-06
496 4e-06
497 3.9e-06
498 4e-06
499 3.9e-06
500 3.8e-06
501 4.1e-06
502 4e-06
503 4.7e-06
504 4e-06
505 3.9e-06
506 4e-06
507 4.5e-06
508 4.3e-06
509 4.1e-06
510 4e-06
511 4.7e-06
512 4e-06
513 3.9e-06
514 4.2e-06
515 4.1e-06
516 4.9e-06
517 4e-06
518 4e-06
519 4.1e-06
520 4.1e-06
521 4.2e-06
522 4.1e-06
523 4e-06
524 4.2e-06
525 4.2e-06
526 4.4e-06
527 4.4e-06
528 4.3e-06
529 4.5e-06
530 4.4e-06
531 4e-06
532 4.2e-06
533 4.2e-06
534 4.6e-06
535 4.6e-06
536 4.4e-06
537 4.6e-06
538 4.4e-06
539 4.6e-06
540 4.2e-06
541 5.3e-06
542 4.3e-06
543 4.7e-06
544 4.9e-06
545 4.5e-06
546 5.8e-06
547 4.7e-06
548 6e-06
549 4.7e-06
550 4.6e-06
551 7e-06
552 4.5e-06
553 4.4e-06
554 4.3e-06
555 4.6e-06
556 4.8e-06
557 4.3e-06
558 5.4e-06
559 4.9e-06
560 4.6e-06
561 4.6e-06
562 4.8e-06
563 4.8e-06
564 4.8e-06
565 5.3e-06
566 5e-06
567 4.8e-06
568 4.3e-06
569 4.6e-06
570 5.2e-06
571 4.6e-06
572 5.9e-06
573 4.7e-06
574 4.7e-06
575 4.9e-06
576 4.9e-06
577 4.8e-06
578 4.9e-06
579 5.4e-06
580 4.7e-06
581 4.8e-06
582 4.4e-06
583 4.6e-06
584 4.6e-06
585 4.7e-06
586 5.2e-06
587 4.7e-06
588 4.5e-06
589 4.7e-06
590 4.5e-06
591 5.1e-06
592 6.3e-06
593 4.9e-06
594 4.8e-06
595 5.6e-06
596 5.1e-06
597 4.8e-06
598 4.9e-06
599 5e-06
600 4.8e-06
601 4.9e-06
602 4.9e-06
603 4.8e-06
604 4.9e-06
605 5e-06
606 7.7e-06
607 4.8e-06
608 4.6e-06
609 4.8e-06
610 4.8e-06
611 4.7e-06
612 4.8e-06
613 4.6e-06
614 4.9e-06
615 4.9e-06
616 4.9e-06
617 5.6e-06
618 5e-06
619 5.6e-06
620 4.9e-06
621 4.9e-06
622 5.2e-06
623 5e-06
624 4.9e-06
625 5.2e-06
626 5.1e-06
627 5e-06
628 4.9e-06
629 5e-06
630 4.9e-06
631 5e-06
632 6e-06
633 5e-06
634 6e-06
635 5.1e-06
636 7e-06
637 5e-06
638 5.2e-06
639 5.2e-06
640 9.3e-06
641 5.1e-06
642 5.3e-06
643 5.2e-06
644 5.2e-06
645 5.1e-06
646 5.1e-06
647 5.1e-06
648 5.1e-06
649 4.9e-06
650 5e-06
651 5.1e-06
652 5.3e-06
653 5.5e-06
654 5.1e-06
655 5.2e-06
656 5.1e-06
657 5e-06
658 4.9e-06
659 5.1e-06
660 5.3e-06
661 5.3e-06
662 5.2e-06
663 5.1e-06
664 5.3e-06
665 5.6e-06
666 5.2e-06
667 5.3e-06
668 5.1e-06
669 5.2e-06
670 5.3e-06
671 5.5e-06
672 5.3e-06
673 5.3e-06
674 6.3e-06
675 5.2e-06
676 5.2e-06
677 5.3e-06
678 5.2e-06
679 5.5e-06
680 5.3e-06
681 5.5e-06
682 5.6e-06
683 5.2e-06
684 5.2e-06
685 5.2e-06
686 5.2e-06
687 5.3e-06
688 5.4e-06
689 5.4e-06
690 5.3e-06
691 5.4e-06
692 5.1e-06
693 5.3e-06
694 5.5e-06
695 5.8e-06
696 6.3e-06
697 5.2e-06
698 6.6e-06
699 5.3e-06
700 6.3e-06
701 5.6e-06
702 5.6e-06
703 5.4e-06
704 5.5e-06
705 5.6e-06
706 5.5e-06
707 5.4e-06
708 5.2e-06
709 5.7e-06
710 5.5e-06
711 5.5e-06
712 6.2e-06
713 5.6e-06
714 5.9e-06
715 7e-06
716 5.8e-06
717 6.4e-06
718 5.6e-06
719 5.6e-06
720 5.6e-06
721 5.5e-06
722 5.6e-06
723 5.9e-06
724 5.7e-06
725 5.5e-06
726 6.4e-06
727 5.6e-06
728 6.6e-06
729 5.5e-06
730 6.6e-06
731 5.9e-06
732 5.9e-06
733 5.4e-06
734 5.5e-06
735 5.7e-06
736 5.7e-06
737 6.5e-06
738 5.8e-06
739 6.9e-06
740 5.8e-06
741 5.9e-06
742 5.7e-06
743 5.8e-06
744 5.8e-06
745 6e-06
746 6.8e-06
747 5.8e-06
748 6.5e-06
749 5.9e-06
750 5.9e-06
751 5.9e-06
752 6e-06
753 5.8e-06
754 6.1e-06
755 6.8e-06
756 5.9e-06
757 5.9e-06
758 5.8e-06
759 5.7e-06
760 6e-06
761 5.8e-06
762 8.6e-06
763 5.8e-06
764 6.8e-06
765 5.9e-06
766 6.2e-06
767 6.2e-06
768 6.1e-06
769 6.6e-06
770 6e-06
771 6e-06
772 5.9e-06
773 5.9e-06
774 6.1e-06
775 6.3e-06
776 6.8e-06
777 6e-06
778 5.8e-06
779 6.3e-06
780 6.1e-06
781 6.8e-06
782 6.5e-06
783 6.9e-06
784 6e-06
785 6.1e-06
786 6.4e-06
787 6.4e-06
788 5.9e-06
789 6.4e-06
790 6.3e-06
791 6.9e-06
792 6.3e-06
793 7.2e-06
794 6e-06
795 6.1e-06
796 6.1e-06
797 6e-06
798 6.9e-06
799 6.1e-06
800 6.2e-06
801 6.1e-06
802 5.9e-06
803 6.9e-06
804 6.2e-06
805 6.5e-06
806 6.3e-06
807 6e-06
808 7e-06
809 6.3e-06
810 6.3e-06
811 6e-06
812 6.4e-06
813 7.2e-06
814 6.4e-06
815 6.4e-06
816 6.4e-06
817 6.1e-06
818 7.4e-06
819 6.4e-06
820 6.3e-06
821 6.3e-06
822 6.5e-06
823 7e-06
824 6.4e-06
825 6.5e-06
826 7.1e-06
827 6.3e-06
828 6.6e-06
829 6.2e-06
830 6.7e-06
831 7.4e-06
832 6.5e-06
833 6.5e-06
834 6.2e-06
835 6.5e-06
836 6.3e-06
837 6.5e-06
838 6.6e-06
839 7.1e-06
840 6.5e-06
841 6.4e-06
842 6.4e-06
843 6.6e-06
844 6.6e-06
845 6.4e-06
846 6.5e-06
847 7.2e-06
848 6.6e-06
849 7e-06
850 7.7e-06
851 6.8e-06
852 6.8e-06
853 6.3e-06
854 6.6e-06
855 7.2e-06
856 6.6e-06
857 6.5e-06
858 7.3e-06
859 7.1e-06
860 6.6e-06
861 7.7e-06
862 6.9e-06
863 6.9e-06
864 7.4e-06
865 6.7e-06
866 6.7e-06
867 6.8e-06
868 6.8e-06
869 7.3e-06
870 7.1e-06
871 7e-06
872 7.7e-06
873 6.7e-06
874 6.8e-06
875 8.1e-06
876 6.8e-06
877 6.9e-06
878 7.7e-06
879 6.7e-06
880 6.7e-06
881 7.4e-06
882 6.8e-06
883 6.6e-06
884 7.5e-06
885 7.1e-06
886 6.7e-06
887 6.9e-06
888 6.7e-06
889 6.8e-06
890 7e-06
891 7.6e-06
892 6.6e-06
893 6.9e-06
894 6.9e-06
895 7.1e-06
896 6.9e-06
897 6.8e-06
898 7.1e-06
899 6.9e-06
900 7e-06
901 6.9e-06
902 6.8e-06
903 6.8e-06
904 7.2e-06
905 7.5e-06
906 6.7e-06
907 6.7e-06
908 7.4e-06
909 6.9e-06
910 7e-06
911 7.9e-06
912 7.2e-06
913 6.9e-06
914 7.4e-06
915 7.2e-06
916 7e-06
917 8.1e-06
918 7.7e-06
919 7.3e-06
920 8.1e-06
921 7.6e-06
922 7.2e-06
923 6.7e-06
924 7.3e-06
925 6.8e-06
926 6.9e-06
927 8.1e-06
928 7.1e-06
929 7.1e-06
930 7.9e-06
931 6.8e-06
932 7.2e-06
933 7.8e-06
934 7.2e-06
935 7.2e-06
936 7.4e-06
937 7.4e-06
938 7e-06
939 7.2e-06
940 8.4e-06
941 7.3e-06
942 7.1e-06
943 8.5e-06
944 7.5e-06
945 7.6e-06
946 7.3e-06
947 8e-06
948 7.2e-06
949 7.2e-06
950 8.1e-06
951 6.8e-06
952 7.1e-06
953 8.6e-06
954 7.7e-06
955 7.6e-06
956 7.3e-06
957 8.6e-06
958 7.3e-06
959 8e-06
960 7.5e-06
961 9.1e-06
962 8.1e-06
963 7.6e-06
964 8.5e-06
965 7.5e-06
966 8e-06
967 7.5e-06
968 7.6e-06
969 8.3e-06
970 7.9e-06
971 8.3e-06
972 7.3e-06
973 7.5e-06
974 7.7e-06
975 8.4e-06
976 7.6e-06
977 7.3e-06
978 8.3e-06
979 7.7e-06
980 7.6e-06
981 7.9e-06
982 7.5e-06
983 7.8e-06
984 7.6e-06
985 7.6e-06
986 8.3e-06
987 7.5e-06
988 7.3e-06
989 7.8e-06
990 8.5e-06
991 7.7e-06
992 7.6e-06
993 8.6e-06
994 7.6e-06
995 7.3e-06
996 7.6e-06
997 8.2e-06
998 7.9e-06
999 7.9e-06
