1 1e-07
2 1e-07
3 0
4 1e-07
5 1e-07
6 0
7 1e-07
8 1e-07
9 1e-07
10 1e-07
11 0
12 0
13 1e-07
14 1e-07
15 1e-07
16 0
17 0
18 1e-07
19 1e-07
20 1e-07
21 0
22 0
23 0
24 0
25 0
26 1e-07
27 0
28 1e-07
29 1e-07
30 0
31 1e-07
32 1e-07
33 0
34 1e-07
35 1e-07
36 0
37 0
38 1e-07
39 1e-07
40 1e-07
41 0
42 0
43 1e-07
44 1e-07
45 1e-07
46 1e-07
47 0
48 0
49 0
50 1e-07
51 1e-07
52 0
53 1e-07
54 1e-07
55 1e-07
56 0
57 0
58 1e-07
59 1e-07
60 0
61 0
62 1e-07
63 1e-07
64 1e-07
65 0
66 1e-07
67 1e-07
68 1e-07
69 0
70 0
71 1e-07
72 0
73 1e-07
74 0
75 0
76 1e-07
77 1e-07
78 1e-07
79 0
80 1e-07
81 1e-07
82 0
83 0
84 0
85 0
86 0
87 0
88 0
89 1e-07
90 0
91 1e-07
92 1e-07
93 0
94 0
95 1e-07
96 1e-07
97 1e-07
98 1e-07
99 0
100 1e-07
101 1e-07
102 1e-07
103 1e-07
104 1e-07
105 1e-07
106 0
107 0
108 0
109 0
110 1e-07
111 1e-07
112 0
113 0
114 0
115 1e-07
116 1e-07
117 0
118 0
119 0
120 0
121 0
122 1e-07
123 1e-07
124 0
125 0
126 1e-07
127 1e-07
128 0
129 1e-07
130 1e-07
131 0
132 1e-07
133 0
134 1e-07
135 1e-07
136 1e-07
137 0
138 1e-07
139 0
140 1e-07
141 1e-07
142 1e-07
143 1e-07
144 1e-07
145 0
146 0
147 0
148 0
149 1e-07
150 1e-07
151 0
152 0
153 0
154 1e-07
155 0
156 0
157 1e-07
158 0
159 0
160 1e-07
161 1e-07
162 1e-07
163 0
164 1e-07
165 0
166 0
167 0
168 0
169 1e-07
170 0
171 0
172 1e-07
173 1e-07
174 0
175 0
176 0
177 0
178 0
179 1e-07
180 1e-07
181 0
182 1e-07
183 0
184 1e-07
185 1e-07
186 1e-07
187 0
188 0
189 0
190 0
191 1e-07
192 0
193 1e-07
194 1e-07
195 1e-07
196 1e-07
197 1e-07
198 1e-07
199 0
200 1e-07
201 0
202 1e-07
203 1e-07
204 0
205 0
206 1e-07
207 1e-07
208 1e-07
209 1e-07
210 1e-07
211 1e-07
212 0
213 1e-07
214 0
215 1e-07
216 1e-07
217 1e-07
218 1e-07
219 1e-07
220 1e-07
221 0
222 0
223 1e-07
224 1e-07
225 1e-07
226 1e-07
227 1e-07
228 1e-07
229 0
230 1e-07
231 0
232 1e-07
233 1e-07
234 0
235 1e-07
236 0
237 0
238 1e-07
239 1e-07
240 1e-07
241 0
242 1e-07
243 1e-07
244 0
245 1e-07
246 1e-07
247 2e-07
248 1e-07
249 1e-07
250 1e-07
251 0
252 1e-07
253 0
254 1e-07
255 0
256 1e-07
257 0
258 1e-07
259 0
260 0
261 1e-07
262 0
263 0
264 0
265 1e-07
266 1e-07
267 0
268 1e-07
269 0
270 0
271 1e-07
272 1e-07
273 0
274 1e-07
275 1e-07
276 1e-07
277 0
278 0
279 0
280 1e-07
281 0
282 0
283 0
284 0
285 0
286 0
287 1e-07
288 1e-07
289 1e-07
290 1e-07
291 1e-07
292 0
293 1e-07
294 0
295 0
296 0
297 0
298 0
299 1e-07
300 0
301 0
302 0
303 0
304 0
305 0
306 1e-07
307 1e-07
308 0
309 1e-07
310 1e-07
311 1e-07
312 0
313 0
314 0
315 0
316 0
317 0
318 0
319 1e-07
320 1e-07
321 0
322 1e-07
323 1e-07
324 0
325 1e-07
326 1e-07
327 1e-07
328 0
329 1e-07
330 1e-07
331 0
332 1e-07
333 0
334 0
335 0
336 0
337 1e-07
338 0
339 1e-07
340 1e-07
341 1e-07
342 1e-07
343 1e-07
344 0
345 0
346 1e-07
347 0
348 0
349 0
350 1e-07
351 1e-07
352 0
353 0
354 1e-07
355 1e-07
356 1e-07
357 1e-07
358 0
359 1e-07
360 1e-07
361 0
362 1e-07
363 0
364 0
365 1e-07
366 1e-07
367 0
368 1e-07
369 0
370 0
371 0
372 1e-07
373 0
374 1e-07
375 0
376 0
377 1e-07
378 1e-07
379 0
380 0
381 1e-07
382 0
383 1e-07
384 0
385 0
386 0
387 0
388 1e-07
389 0
390 0
391 0
392 1e-07
393 0
394 0
395 0
396 1e-07
397 1e-07
398 1e-07
399 0
400 0
401 0
402 1e-07
403 0
404 1e-07
405 1e-07
406 0
407 0
408 0
409 0
410 0
411 1e-07
412 1e-07
413 0
414 0
415 1e-07
416 1e-07
417 0
418 0
419 0
420 0
421 0
422 1e-07
423 0
424 1e-07
425 0
426 1e-07
427 0
428 1e-07
429 1e-07
430 1e-07
431 0
432 1e-07
433 1e-07
434 1e-07
435 0
436 1e-07
437 1e-07
438 0
439 1e-07
440 1e-07
441 0
442 1e-07
443 0
444 0
445 1e-07
446 1e-07
447 1e-07
448 0
449 1e-07
450 1e-07
451 0
452 1e-07
453 1e-07
454 1e-07
455 1e-07
456 0
457 1e-07
458 1e-07
459 1e-07
460 1e-07
461 0
462 0
463 0
464 0
465 1e-07
466 0
467 1e-07
468 0
469 1e-07
470 0
471 1e-07
472 0
473 1e-07
474 0
475 0
476 1e-07
477 0
478 0
479 1e-07
480 1e-07
481 1e-07
482 0
483 1e-07
484 1e-07
485 1e-07
486 0
487 1e-07
488 0
489 0
490 0
491 0
492 1e-07
493 1e-07
494 0
495 0
496 0
497 1e-07
498 0
499 1e-07
500 1e-07
501 0
502 1e-07
503 1e-07
504 0
505 1e-07
506 1e-07
507 0
508 0
509 0
510 1e-07
511 0
512 1e-07
513 1e-07
514 1e-07
515 1e-07
516 1e-07
517 0
518 1e-07
519 0
520 1e-07
521 0
522 0
523 0
524 0
525 0
526 0
527 1e-07
528 0
529 0
530 0
531 1e-07
532 1e-07
533 1e-07
534 0
535 0
536 0
537 0
538 1e-07
539 0
540 1e-07
541 0
542 0
543 1e-07
544 1e-07
545 0
546 1e-07
547 1e-07
548 1e-07
549 1e-07
550 1e-07
551 0
552 1e-07
553 1e-07
554 1e-07
555 0
556 0
557 0
558 1e-07
559 1e-07
560 0
561 1e-07
562 0
563 1e-07
564 1e-07
565 0
566 0
567 0
568 1e-07
569 1e-07
570 0
571 1e-07
572 1e-07
573 0
574 1e-07
575 1e-07
576 1e-07
577 0
578 1e-07
579 0
580 1e-07
581 0
582 1e-07
583 1e-07
584 1e-07
585 0
586 0
587 0
588 0
589 1e-07
590 1e-07
591 0
592 0
593 0
594 0
595 0
596 0
597 0
598 1e-07
599 1e-07
600 1e-07
601 0
602 1e-07
603 0
604 0
605 0
606 1e-07
607 1e-07
608 0
609 1e-07
610 1e-07
611 1e-07
612 1e-07
613 0
614 1e-07
615 0
616 0
617 0
618 0
619 1e-07
620 0
621 0
622 0
623 0
624 0
625 0
626 0
627 0
628 0
629 1e-07
630 1e-07
631 1e-07
632 1e-07
633 1e-07
634 0
635 0
636 0
637 1e-07
638 1e-07
639 1e-07
640 0
641 0
642 1e-07
643 1e-07
644 0
645 1e-07
646 0
647 1e-07
648 0
649 0
650 1e-07
651 0
652 1e-07
653 1e-07
654 0
655 1e-07
656 1e-07
657 1e-07
658 0
659 1e-07
660 1e-07
661 1e-07
662 1e-07
663 1e-07
664 0
665 1e-07
666 1e-07
667 0
668 0
669 1e-07
670 0
671 0
672 1e-07
673 1e-07
674 0
675 1e-07
676 0
677 1e-07
678 0
679 1e-07
680 1e-07
681 0
682 0
683 0
684 1e-07
685 0
686 1e-07
687 1e-07
688 0
689 0
690 1e-07
691 1e-07
692 1e-07
693 0
694 0
695 1e-07
696 1e-07
697 0
698 1e-07
699 1e-07
700 1e-07
701 0
702 1e-07
703 0
704 1e-07
705 1e-07
706 1e-07
707 0
708 0
709 0
710 1e-07
711 1e-07
712 1e-07
713 0
714 1e-07
715 0
716 1e-07
717 1e-07
718 1e-07
719 0
720 0
721 0
722 0
723 1e-07
724 0
725 1e-07
726 1e-07
727 1e-07
728 0
729 0
730 1e-07
731 0
732 1e-07
733 0
734 1e-07
735 0
736 1e-07
737 0
738 1e-07
739 1e-07
740 1e-07
741 0
742 1e-07
743 1e-07
744 1e-07
745 0
746 1e-07
747 1e-07
748 0
749 1e-07
750 1e-07
751 1e-07
752 0
753 0
754 1e-07
755 1e-07
756 0
757 1e-07
758 1e-07
759 0
760 0
761 1e-07
762 1e-07
763 0
764 1e-07
765 1e-07
766 0
767 0
768 1e-07
769 1e-07
770 0
771 1e-07
772 0
773 0
774 0
775 0
776 0
777 1e-07
778 0
779 0
780 1e-07
781 1e-07
782 1e-07
783 1e-07
784 0
785 0
786 0
787 0
788 0
789 0
790 0
791 1e-07
792 0
793 1e-07
794 1e-07
795 0
796 1e-07
797 0
798 0
799 1e-07
800 1e-07
801 1e-07
802 0
803 0
804 0
805 1e-07
806 1e-07
807 0
808 1e-07
809 1e-07
810 0
811 1e-07
812 0
813 1e-07
814 1e-07
815 0
816 0
817 1e-07
818 2e-07
819 0
820 0
821 1e-07
822 1e-07
823 1e-07
824 0
825 1e-07
826 0
827 0
828 0
829 1e-07
830 0
831 0
832 1e-07
833 0
834 0
835 1e-07
836 0
837 0
838 1e-07
839 1e-07
840 1e-07
841 1e-07
842 0
843 1e-07
844 1e-07
845 1e-07
846 1e-07
847 0
848 1e-07
849 1e-07
850 0
851 0
852 1e-07
853 1e-07
854 0
855 1e-07
856 1e-07
857 0
858 1e-07
859 0
860 0
861 1e-07
862 1e-07
863 0
864 0
865 0
866 0
867 1e-07
868 1e-07
869 1e-07
870 1e-07
871 0
872 1e-07
873 0
874 1e-07
875 0
876 0
877 1e-07
878 0
879 0
880 1e-07
881 0
882 1e-07
883 1e-07
884 0
885 0
886 1e-07
887 0
888 1e-07
889 0
890 1e-07
891 1e-07
892 1e-07
893 0
894 0
895 1e-07
896 0
897 0
898 0
899 0
900 0
901 0
902 0
903 1e-07
904 0
905 1e-07
906 0
907 1e-07
908 1e-07
909 1e-07
910 0
911 1e-07
912 0
913 1e-07
914 0
915 1e-07
916 1e-07
917 1e-07
918 0
919 1e-07
920 1e-07
921 1e-07
922 1e-07
923 1e-07
924 1e-07
925 1e-07
926 1e-07
927 1e-07
928 1e-07
929 1e-07
930 1e-07
931 0
932 1e-07
933 0
934 1e-07
935 0
936 0
937 0
938 0
939 1e-07
940 1e-07
941 1e-07
942 0
943 1e-07
944 0
945 0
946 1e-07
947 1e-07
948 0
949 1e-07
950 1e-07
951 0
952 0
953 1e-07
954 1e-07
955 0
956 0
957 0
958 1e-07
959 1e-07
960 0
961 0
962 1e-07
963 0
964 1e-07
965 0
966 0
967 1e-07
968 0
969 1e-07
970 1e-07
971 1e-07
972 1e-07
973 1e-07
974 0
975 0
976 1e-07
977 1e-07
978 0
979 1e-07
980 1e-07
981 1e-07
982 0
983 0
984 1e-07
985 1e-07
986 1e-07
987 0
988 0
989 1e-07
990 1e-07
991 0
992 1e-07
993 0
994 0
995 1e-07
996 0
997 1e-07
998 1e-07
999 0
