2 3
4 10
6 18
8 33
10 48
12 64
14 82
16 107
18 135
20 165
22 198
24 240
26 279
28 321
30 376
32 428
34 478
36 532
38 599
40 668
42 750
44 819
46 889
48 963
50 1042
52 1126
54 1223
56 1327
58 1411
60 1486
62 1564
64 1686
66 1785
68 1898
70 2032
72 2155
74 2300
76 2434
78 2526
80 2627
82 2762
84 2908
86 3013
88 3139
90 3297
92 3432
94 3593
96 3761
98 3894
100 4088
102 4277
104 4442
106 4613
108 4721
110 4880
112 4999
114 5146
116 5279
118 5453
120 5660
122 5851
124 5995
126 6210
128 6307
130 6486
132 6705
134 6914
136 7123
138 7337
140 7543
142 7721
144 7955
146 8185
148 8360
150 8577
152 8777
154 8998
156 9261
158 9443
160 9693
162 9951
164 10139
166 10294
168 10527
170 10845
172 11021
174 11332
176 11533
178 11758
180 12016
182 12265
184 12543
186 12763
188 13020
190 13302
192 13536
194 13767
196 14016
198 14222
200 14488
202 14746
204 14916
206 15263
208 15495
210 15767
212 16047
214 16403
216 16694
218 16982
220 17300
222 17624
224 17922
226 18213
228 18557
230 18923
232 19283
234 19676
236 19960
238 20240
240 20616
242 20995
244 21346
246 21597
248 21933
250 22293
252 22673
254 23085
256 23385
258 23689
260 23889
262 24311
264 24791
266 25176
268 25588
270 26053
272 26435
274 26819
276 27255
278 27670
280 27958
282 28349
284 28705
286 29201
288 29635
290 29878
292 30185
294 30667
296 31048
298 31444
300 31835
302 32216
304 32739
306 33197
308 33664
310 34018
312 34538
314 35021
316 35392
318 35827
320 36339
322 36669
324 37177
326 37714
328 38165
330 38563
332 38969
334 39416
336 39866
338 40502
340 41097
342 41726
344 42245
346 42743
348 43273
350 43868
352 44417
354 44716
356 45149
358 45571
360 45999
362 46515
364 47031
366 47491
368 47806
370 48448
372 48872
374 49335
376 49722
378 50245
380 50819
382 51285
384 51684
386 52017
388 52716
390 53229
392 53672
394 54215
396 54750
398 55246
400 55842
402 56396
404 56923
406 57366
408 58085
410 58645
412 59116
414 59686
416 59949
418 60675
420 61320
422 61803
424 62380
426 62961
428 63511
430 63994
432 64660
434 65274
436 65878
438 66350
440 66752
442 67289
444 67981
446 68460
448 69064
450 69713
452 70452
454 70774
456 71454
458 71983
460 72594
462 73192
464 73732
466 74344
468 74789
470 75421
472 76092
474 76627
476 77381
478 78021
480 78768
482 79541
484 80104
486 80562
488 81257
490 82059
492 82615
494 83226
496 84001
498 84580
500 85136
502 85729
504 86311
506 86970
508 87722
510 87995
512 88602
514 89263
516 90050
518 90772
520 91420
522 92167
524 92708
526 93072
528 93668
530 94463
532 95274
534 96127
536 96813
538 97499
540 98181
542 98842
544 99814
546 100499
548 101293
550 102031
552 102717
554 103602
556 104232
558 105167
560 106093
562 106745
564 107378
566 108249
568 108883
570 109658
572 110588
574 111492
576 112242
578 113198
580 114064
582 114797
584 115602
586 116487
588 117189
590 117960
592 118620
594 119246
596 120171
598 120970
600 121806
602 122437
604 123238
606 123951
608 124728
610 125406
612 125832
614 126415
616 127374
618 128063
620 128739
622 129484
624 130199
626 130911
628 131318
630 132259
632 132926
634 133749
636 134580
638 135392
640 136305
642 137196
644 138073
646 138684
648 139285
650 140147
652 141063
654 141497
656 142462
658 143338
660 144040
662 144779
664 145672
666 146702
668 147192
670 147973
672 148938
674 149562
676 149930
678 150706
680 151634
682 152763
684 153843
686 154845
688 155628
690 156380
692 156862
694 157855
696 158269
698 159340
700 160201
702 160877
704 161767
706 162263
708 163020
710 163943
712 164712
714 165504
716 166344
718 167475
720 168560
722 169564
724 170327
726 171349
728 172351
730 173262
732 174012
734 174882
736 175806
738 176614
740 177387
742 178538
744 179469
746 180354
748 181284
750 182358
752 183303
754 184224
756 185252
758 186378
760 187183
762 188160
764 189000
766 189906
768 190698
770 191609
772 192965
774 194071
776 194944
778 195874
780 196684
782 197743
784 199071
786 200026
788 200926
790 201395
792 201801
794 203032
796 203975
798 204902
800 205863
802 206354
804 207343
806 208548
808 209452
810 210447
812 211089
814 212173
816 213201
818 214258
820 215542
822 216594
824 217502
826 218153
828 219217
830 220053
832 220952
834 221634
836 222680
838 223737
840 224825
842 225992
844 227010
846 227948
848 228894
850 229799
852 230793
854 231750
856 232731
858 233898
860 234917
862 235902
864 236879
866 237857
868 239359
870 239992
872 241103
874 242306
876 243711
878 244712
880 245898
882 246617
884 247586
886 248494
888 249248
890 250591
892 251711
894 252770
896 253977
898 255297
900 256710
902 257537
904 258316
906 259500
908 260578
910 261281
912 262657
914 263819
916 264632
918 265761
920 266411
922 267044
924 268065
926 268997
928 270170
930 271620
932 272460
934 273480
936 274746
938 276166
940 277151
942 278296
944 279283
946 280438
948 281481
950 282968
952 284169
954 285178
956 286624
958 287431
960 288431
962 289743
964 291147
966 292276
968 293212
970 294243
972 295142
974 296673
976 297901
978 298620
980 299136
982 300497
984 301833
986 303017
988 304375
990 305753
992 307169
994 308366
996 309487
998 310606
1000 311725
1002 312922
1004 313887
1006 315257
1008 316260
1010 317420
1012 318499
1014 319481
1016 320646
1018 321786
1020 322830
1022 324386
1024 325039
1026 326665
1028 327738
1030 329006
1032 329883
1034 331481
1036 332653
1038 333472
1040 334304
1042 335855
1044 336631
1046 337754
1048 338372
1050 339506
1052 340396
1054 341660
1056 343188
1058 344491
1060 346086
1062 346913
1064 348430
1066 349718
1068 350935
1070 351571
1072 352734
1074 353712
1076 355140
1078 356477
1080 357470
1082 358693
1084 360368
1086 361832
1088 362946
1090 363506
1092 364682
1094 366237
1096 367259
1098 368577
1100 369512
1102 371158
1104 371757
1106 373115
1108 373958
1110 375289
1112 376632
1114 377601
1116 378803
1118 379940
1120 381196
1122 382956
1124 384279
1126 385194
1128 386492
1130 388275
1132 389289
1134 390402
1136 391727
1138 392567
1140 394168
1142 394969
1144 396035
1146 397209
1148 398478
1150 399704
1152 400416
1154 401449
1156 403250
1158 404398
1160 405204
1162 406472
1164 407765
1166 408652
1168 410407
1170 412033
1172 413739
1174 415547
1176 416688
1178 418106
1180 419376
1182 420587
1184 421771
1186 423069
1188 424099
1190 425428
1192 426116
1194 427437
1196 428671
1198 429926
1200 431174
1202 432385
1204 433393
1206 434535
1208 436021
1210 436651
1212 438010
1214 439338
1216 440673
1218 441338
1220 442927
1222 444327
1224 445038
1226 446476
1228 447855
1230 448784
1232 450036
1234 451075
1236 452442
1238 454364
1240 455629
1242 456889
1244 458216
1246 459589
1248 460223
1250 460952
1252 462348
1254 463714
1256 465476
1258 466653
1260 467912
1262 469326
1264 470594
1266 472056
1268 473411
1270 474726
1272 475621
1274 477395
1276 478201
1278 479676
1280 481060
1282 482344
1284 483650
1286 484549
1288 485588
1290 487050
1292 488840
1294 490325
1296 491679
1298 493137
1300 493887
1302 494655
1304 495408
1306 496928
1308 498324
1310 499867
1312 501170
1314 502614
1316 503497
1318 504816
1320 505924
1322 507236
1324 508521
1326 510305
1328 511801
1330 513366
1332 514832
1334 516442
1336 517933
1338 519396
1340 521434
1342 523390
1344 524974
1346 526572
1348 527978
1350 528699
1352 530146
1354 531699
1356 532830
1358 533516
1360 534697
1362 536261
1364 537816
1366 538817
1368 540067
1370 541611
1372 543343
1374 544321
1376 545686
1378 546603
1380 548138
1382 549262
1384 551159
1386 552180
1388 553672
1390 554639
1392 555383
1394 556980
1396 558751
1398 559519
1400 560422
1402 561873
1404 563290
1406 564853
1408 565955
1410 567483
1412 568793
1414 570019
1416 571560
1418 573153
1420 574606
1422 576169
1424 577603
1426 578351
1428 580500
1430 581959
1432 582831
1434 583932
1436 585555
1438 587016
1440 588570
1442 590488
1444 591909
1446 593305
1448 594645
1450 596468
1452 598659
1454 600074
1456 601567
1458 603073
1460 604066
1462 605607
1464 606392
1466 607588
1468 608537
1470 610098
1472 611861
1474 613469
1476 615081
1478 616628
1480 617726
1482 619359
1484 620734
1486 622153
1488 623812
1490 625530
1492 627088
1494 627983
1496 628930
1498 630216
1500 631802
1502 633387
1504 634911
1506 636114
1508 637020
1510 638751
1512 639810
1514 640967
1516 642318
1518 643127
1520 644788
1522 647010
1524 648464
1526 650785
1528 651611
1530 653305
1532 654990
1534 656133
1536 657177
1538 658022
1540 658796
1542 660451
1544 661874
1546 663533
1548 665190
1550 666800
1552 667884
1554 669394
1556 670390
1558 671937
1560 673620
1562 674960
1564 675950
1566 676773
1568 678410
1570 679709
1572 680674
1574 681708
1576 682563
1578 683915
1580 685536
1582 687042
1584 688696
1586 689802
1588 691485
1590 693127
1592 694639
1594 696010
1596 696833
1598 697948
1600 699620
1602 701350
1604 702496
1606 704230
1608 705960
1610 707175
1612 708736
1614 710461
1616 711407
1618 713072
1620 713964
1622 715423
1624 716856
1626 718212
1628 719085
1630 719905
1632 721283
1634 722273
1636 723424
1638 724748
1640 726290
1642 728127
1644 729419
1646 730920
1648 732684
1650 734335
1652 736056
1654 737096
1656 737960
1658 739194
1660 740489
1662 741433
1664 743061
1666 744745
1668 745976
1670 747831
1672 748900
1674 749885
1676 751337
1678 752781
1680 754540
1682 756041
1684 757580
1686 759905
1688 761599
1690 762908
1692 763792
1694 765719
1696 767356
1698 768928
1700 770587
1702 772589
1704 774134
1706 775899
1708 777670
1710 779420
1712 780841
1714 782458
1716 783513
1718 784481
1720 786293
1722 787211
1724 788352
1726 789546
1728 790608
1730 792637
1732 794445
1734 795474
1736 797072
1738 798587
1740 799887
1742 801418
1744 802578
1746 804393
1748 806142
1750 807219
1752 808399
1754 810317
1756 812561
1758 814325
1760 815554
1762 816807
1764 818323
1766 819573
1768 821352
1770 823160
1772 824122
1774 825938
1776 827446
1778 829028
1780 830472
1782 831399
1784 833194
1786 834868
1788 836444
1790 837968
1792 839682
1794 841454
1796 843324
1798 845023
1800 846858
1802 848241
1804 849805
1806 851045
1808 852648
1810 853611
1812 854805
1814 856299
1816 857807
1818 859652
1820 860819
1822 862524
1824 864031
1826 865860
1828 867701
1830 869256
1832 870401
1834 872209
1836 873923
1838 874993
1840 876683
1842 878403
1844 879708
1846 881610
1848 883380
1850 885254
1852 886821
1854 887850
1856 889583
1858 890822
1860 892140
1862 893599
1864 895495
1866 896880
1868 897884
1870 899766
1872 901454
1874 902393
1876 903968
1878 905625
1880 906868
1882 908337
1884 909727
1886 911605
1888 913294
1890 915109
1892 916400
1894 917887
1896 919644
1898 921242
1900 923298
1902 925622
1904 928054
1906 929973
1908 931896
1910 933350
1912 934956
1914 935965
1916 937190
1918 938979
1920 940473
1922 941664
1924 942802
1926 944291
1928 946119
1930 947914
1932 949356
1934 950862
1936 952693
1938 954330
1940 955330
1942 956730
1944 958680
1946 959925
1948 961005
1950 962909
1952 964121
1954 965671
1956 966675
1958 968532
1960 969558
1962 971230
1964 972280
1966 974247
1968 975359
1970 976945
1972 978850
1974 979856
1976 981514
1978 983491
1980 984762
1982 986666
1984 988098
1986 989899
1988 990949
1990 992756
1992 994532
1994 996234
1996 998140
1998 999991
